{
 "cells": [
  {
   "cell_type": "markdown",
   "metadata": {},
   "source": [
    "# **ML Day 02**"
   ]
  },
  {
   "cell_type": "code",
   "execution_count": 1,
   "metadata": {},
   "outputs": [
    {
     "data": {
      "text/html": [
       "<div>\n",
       "<style scoped>\n",
       "    .dataframe tbody tr th:only-of-type {\n",
       "        vertical-align: middle;\n",
       "    }\n",
       "\n",
       "    .dataframe tbody tr th {\n",
       "        vertical-align: top;\n",
       "    }\n",
       "\n",
       "    .dataframe thead th {\n",
       "        text-align: right;\n",
       "    }\n",
       "</style>\n",
       "<table border=\"1\" class=\"dataframe\">\n",
       "  <thead>\n",
       "    <tr style=\"text-align: right;\">\n",
       "      <th></th>\n",
       "      <th>CRIM</th>\n",
       "      <th>ZN</th>\n",
       "      <th>INDUS</th>\n",
       "      <th>CHAS</th>\n",
       "      <th>NOX</th>\n",
       "      <th>RM</th>\n",
       "      <th>AGE</th>\n",
       "      <th>DIS</th>\n",
       "      <th>RAD</th>\n",
       "      <th>TAX</th>\n",
       "      <th>PTRATIO</th>\n",
       "      <th>B</th>\n",
       "      <th>LSTAT</th>\n",
       "      <th>MEDV</th>\n",
       "    </tr>\n",
       "  </thead>\n",
       "  <tbody>\n",
       "    <tr>\n",
       "      <th>0</th>\n",
       "      <td>0.00632</td>\n",
       "      <td>18.0</td>\n",
       "      <td>2.31</td>\n",
       "      <td>0</td>\n",
       "      <td>0.538</td>\n",
       "      <td>6.575</td>\n",
       "      <td>65.2</td>\n",
       "      <td>4.0900</td>\n",
       "      <td>1</td>\n",
       "      <td>296</td>\n",
       "      <td>15.3</td>\n",
       "      <td>396.90</td>\n",
       "      <td>4.98</td>\n",
       "      <td>24.0</td>\n",
       "    </tr>\n",
       "    <tr>\n",
       "      <th>1</th>\n",
       "      <td>0.02731</td>\n",
       "      <td>0.0</td>\n",
       "      <td>7.07</td>\n",
       "      <td>0</td>\n",
       "      <td>0.469</td>\n",
       "      <td>6.421</td>\n",
       "      <td>78.9</td>\n",
       "      <td>4.9671</td>\n",
       "      <td>2</td>\n",
       "      <td>242</td>\n",
       "      <td>17.8</td>\n",
       "      <td>396.90</td>\n",
       "      <td>9.14</td>\n",
       "      <td>21.6</td>\n",
       "    </tr>\n",
       "    <tr>\n",
       "      <th>2</th>\n",
       "      <td>0.02729</td>\n",
       "      <td>0.0</td>\n",
       "      <td>7.07</td>\n",
       "      <td>0</td>\n",
       "      <td>0.469</td>\n",
       "      <td>7.185</td>\n",
       "      <td>61.1</td>\n",
       "      <td>4.9671</td>\n",
       "      <td>2</td>\n",
       "      <td>242</td>\n",
       "      <td>17.8</td>\n",
       "      <td>392.83</td>\n",
       "      <td>4.03</td>\n",
       "      <td>34.7</td>\n",
       "    </tr>\n",
       "    <tr>\n",
       "      <th>3</th>\n",
       "      <td>0.03237</td>\n",
       "      <td>0.0</td>\n",
       "      <td>2.18</td>\n",
       "      <td>0</td>\n",
       "      <td>0.458</td>\n",
       "      <td>6.998</td>\n",
       "      <td>45.8</td>\n",
       "      <td>6.0622</td>\n",
       "      <td>3</td>\n",
       "      <td>222</td>\n",
       "      <td>18.7</td>\n",
       "      <td>394.63</td>\n",
       "      <td>2.94</td>\n",
       "      <td>33.4</td>\n",
       "    </tr>\n",
       "    <tr>\n",
       "      <th>4</th>\n",
       "      <td>0.06905</td>\n",
       "      <td>0.0</td>\n",
       "      <td>2.18</td>\n",
       "      <td>0</td>\n",
       "      <td>0.458</td>\n",
       "      <td>7.147</td>\n",
       "      <td>54.2</td>\n",
       "      <td>6.0622</td>\n",
       "      <td>3</td>\n",
       "      <td>222</td>\n",
       "      <td>18.7</td>\n",
       "      <td>396.90</td>\n",
       "      <td>5.33</td>\n",
       "      <td>36.2</td>\n",
       "    </tr>\n",
       "    <tr>\n",
       "      <th>...</th>\n",
       "      <td>...</td>\n",
       "      <td>...</td>\n",
       "      <td>...</td>\n",
       "      <td>...</td>\n",
       "      <td>...</td>\n",
       "      <td>...</td>\n",
       "      <td>...</td>\n",
       "      <td>...</td>\n",
       "      <td>...</td>\n",
       "      <td>...</td>\n",
       "      <td>...</td>\n",
       "      <td>...</td>\n",
       "      <td>...</td>\n",
       "      <td>...</td>\n",
       "    </tr>\n",
       "    <tr>\n",
       "      <th>501</th>\n",
       "      <td>0.06263</td>\n",
       "      <td>0.0</td>\n",
       "      <td>11.93</td>\n",
       "      <td>0</td>\n",
       "      <td>0.573</td>\n",
       "      <td>6.593</td>\n",
       "      <td>69.1</td>\n",
       "      <td>2.4786</td>\n",
       "      <td>1</td>\n",
       "      <td>273</td>\n",
       "      <td>21.0</td>\n",
       "      <td>391.99</td>\n",
       "      <td>9.67</td>\n",
       "      <td>22.4</td>\n",
       "    </tr>\n",
       "    <tr>\n",
       "      <th>502</th>\n",
       "      <td>0.04527</td>\n",
       "      <td>0.0</td>\n",
       "      <td>11.93</td>\n",
       "      <td>0</td>\n",
       "      <td>0.573</td>\n",
       "      <td>6.120</td>\n",
       "      <td>76.7</td>\n",
       "      <td>2.2875</td>\n",
       "      <td>1</td>\n",
       "      <td>273</td>\n",
       "      <td>21.0</td>\n",
       "      <td>396.90</td>\n",
       "      <td>9.08</td>\n",
       "      <td>20.6</td>\n",
       "    </tr>\n",
       "    <tr>\n",
       "      <th>503</th>\n",
       "      <td>0.06076</td>\n",
       "      <td>0.0</td>\n",
       "      <td>11.93</td>\n",
       "      <td>0</td>\n",
       "      <td>0.573</td>\n",
       "      <td>6.976</td>\n",
       "      <td>91.0</td>\n",
       "      <td>2.1675</td>\n",
       "      <td>1</td>\n",
       "      <td>273</td>\n",
       "      <td>21.0</td>\n",
       "      <td>396.90</td>\n",
       "      <td>5.64</td>\n",
       "      <td>23.9</td>\n",
       "    </tr>\n",
       "    <tr>\n",
       "      <th>504</th>\n",
       "      <td>0.10959</td>\n",
       "      <td>0.0</td>\n",
       "      <td>11.93</td>\n",
       "      <td>0</td>\n",
       "      <td>0.573</td>\n",
       "      <td>6.794</td>\n",
       "      <td>89.3</td>\n",
       "      <td>2.3889</td>\n",
       "      <td>1</td>\n",
       "      <td>273</td>\n",
       "      <td>21.0</td>\n",
       "      <td>393.45</td>\n",
       "      <td>6.48</td>\n",
       "      <td>22.0</td>\n",
       "    </tr>\n",
       "    <tr>\n",
       "      <th>505</th>\n",
       "      <td>0.04741</td>\n",
       "      <td>0.0</td>\n",
       "      <td>11.93</td>\n",
       "      <td>0</td>\n",
       "      <td>0.573</td>\n",
       "      <td>6.030</td>\n",
       "      <td>80.8</td>\n",
       "      <td>2.5050</td>\n",
       "      <td>1</td>\n",
       "      <td>273</td>\n",
       "      <td>21.0</td>\n",
       "      <td>396.90</td>\n",
       "      <td>7.88</td>\n",
       "      <td>11.9</td>\n",
       "    </tr>\n",
       "  </tbody>\n",
       "</table>\n",
       "<p>506 rows × 14 columns</p>\n",
       "</div>"
      ],
      "text/plain": [
       "        CRIM    ZN  INDUS  CHAS    NOX     RM   AGE     DIS  RAD  TAX  \\\n",
       "0    0.00632  18.0   2.31     0  0.538  6.575  65.2  4.0900    1  296   \n",
       "1    0.02731   0.0   7.07     0  0.469  6.421  78.9  4.9671    2  242   \n",
       "2    0.02729   0.0   7.07     0  0.469  7.185  61.1  4.9671    2  242   \n",
       "3    0.03237   0.0   2.18     0  0.458  6.998  45.8  6.0622    3  222   \n",
       "4    0.06905   0.0   2.18     0  0.458  7.147  54.2  6.0622    3  222   \n",
       "..       ...   ...    ...   ...    ...    ...   ...     ...  ...  ...   \n",
       "501  0.06263   0.0  11.93     0  0.573  6.593  69.1  2.4786    1  273   \n",
       "502  0.04527   0.0  11.93     0  0.573  6.120  76.7  2.2875    1  273   \n",
       "503  0.06076   0.0  11.93     0  0.573  6.976  91.0  2.1675    1  273   \n",
       "504  0.10959   0.0  11.93     0  0.573  6.794  89.3  2.3889    1  273   \n",
       "505  0.04741   0.0  11.93     0  0.573  6.030  80.8  2.5050    1  273   \n",
       "\n",
       "     PTRATIO       B  LSTAT  MEDV  \n",
       "0       15.3  396.90   4.98  24.0  \n",
       "1       17.8  396.90   9.14  21.6  \n",
       "2       17.8  392.83   4.03  34.7  \n",
       "3       18.7  394.63   2.94  33.4  \n",
       "4       18.7  396.90   5.33  36.2  \n",
       "..       ...     ...    ...   ...  \n",
       "501     21.0  391.99   9.67  22.4  \n",
       "502     21.0  396.90   9.08  20.6  \n",
       "503     21.0  396.90   5.64  23.9  \n",
       "504     21.0  393.45   6.48  22.0  \n",
       "505     21.0  396.90   7.88  11.9  \n",
       "\n",
       "[506 rows x 14 columns]"
      ]
     },
     "execution_count": 1,
     "metadata": {},
     "output_type": "execute_result"
    }
   ],
   "source": [
    "# Scalar Practice\n",
    "import numpy as np\n",
    "import pandas as pd\n",
    "\n",
    "df = pd.read_csv('./data/house_prices.csv')\n",
    "\n",
    "df"
   ]
  },
  {
   "cell_type": "code",
   "execution_count": 4,
   "metadata": {},
   "outputs": [
    {
     "data": {
      "text/plain": [
       "array([[ 7.39865782e+01,  4.19593894e-01, -1.32503785e+00,\n",
       "         8.54053223e+01,  8.44821538e+02],\n",
       "       [ 4.19593894e-01,  1.34276357e-02, -2.46034495e-02,\n",
       "         2.38592720e+00,  1.30462855e+01],\n",
       "       [-1.32503785e+00, -2.46034495e-02,  4.93670850e-01,\n",
       "        -4.75192919e+00, -3.45834478e+01],\n",
       "       [ 8.54053223e+01,  2.38592720e+00, -4.75192919e+00,\n",
       "         7.92358399e+02,  2.40269012e+03],\n",
       "       [ 8.44821538e+02,  1.30462855e+01, -3.45834478e+01,\n",
       "         2.40269012e+03,  2.84047595e+04]])"
      ]
     },
     "execution_count": 4,
     "metadata": {},
     "output_type": "execute_result"
    }
   ],
   "source": [
    "X = df[['CRIM', 'NOX', 'RM', 'AGE', \"TAX\"]]\n",
    "cov_X = np.cov(X, rowvar=0)\n",
    "cov_X"
   ]
  },
  {
   "cell_type": "code",
   "execution_count": 21,
   "metadata": {},
   "outputs": [
    {
     "data": {
      "text/html": [
       "<div>\n",
       "<style scoped>\n",
       "    .dataframe tbody tr th:only-of-type {\n",
       "        vertical-align: middle;\n",
       "    }\n",
       "\n",
       "    .dataframe tbody tr th {\n",
       "        vertical-align: top;\n",
       "    }\n",
       "\n",
       "    .dataframe thead th {\n",
       "        text-align: right;\n",
       "    }\n",
       "</style>\n",
       "<table border=\"1\" class=\"dataframe\">\n",
       "  <thead>\n",
       "    <tr style=\"text-align: right;\">\n",
       "      <th></th>\n",
       "      <th>CRIM</th>\n",
       "      <th>NOX</th>\n",
       "      <th>RM</th>\n",
       "      <th>AGE</th>\n",
       "      <th>TAX</th>\n",
       "    </tr>\n",
       "  </thead>\n",
       "  <tbody>\n",
       "    <tr>\n",
       "      <th>0</th>\n",
       "      <td>0.00632</td>\n",
       "      <td>0.538</td>\n",
       "      <td>6.575</td>\n",
       "      <td>65.2</td>\n",
       "      <td>296</td>\n",
       "    </tr>\n",
       "    <tr>\n",
       "      <th>1</th>\n",
       "      <td>0.02731</td>\n",
       "      <td>0.469</td>\n",
       "      <td>6.421</td>\n",
       "      <td>78.9</td>\n",
       "      <td>242</td>\n",
       "    </tr>\n",
       "    <tr>\n",
       "      <th>2</th>\n",
       "      <td>0.02729</td>\n",
       "      <td>0.469</td>\n",
       "      <td>7.185</td>\n",
       "      <td>61.1</td>\n",
       "      <td>242</td>\n",
       "    </tr>\n",
       "    <tr>\n",
       "      <th>3</th>\n",
       "      <td>0.03237</td>\n",
       "      <td>0.458</td>\n",
       "      <td>6.998</td>\n",
       "      <td>45.8</td>\n",
       "      <td>222</td>\n",
       "    </tr>\n",
       "    <tr>\n",
       "      <th>4</th>\n",
       "      <td>0.06905</td>\n",
       "      <td>0.458</td>\n",
       "      <td>7.147</td>\n",
       "      <td>54.2</td>\n",
       "      <td>222</td>\n",
       "    </tr>\n",
       "    <tr>\n",
       "      <th>...</th>\n",
       "      <td>...</td>\n",
       "      <td>...</td>\n",
       "      <td>...</td>\n",
       "      <td>...</td>\n",
       "      <td>...</td>\n",
       "    </tr>\n",
       "    <tr>\n",
       "      <th>501</th>\n",
       "      <td>0.06263</td>\n",
       "      <td>0.573</td>\n",
       "      <td>6.593</td>\n",
       "      <td>69.1</td>\n",
       "      <td>273</td>\n",
       "    </tr>\n",
       "    <tr>\n",
       "      <th>502</th>\n",
       "      <td>0.04527</td>\n",
       "      <td>0.573</td>\n",
       "      <td>6.120</td>\n",
       "      <td>76.7</td>\n",
       "      <td>273</td>\n",
       "    </tr>\n",
       "    <tr>\n",
       "      <th>503</th>\n",
       "      <td>0.06076</td>\n",
       "      <td>0.573</td>\n",
       "      <td>6.976</td>\n",
       "      <td>91.0</td>\n",
       "      <td>273</td>\n",
       "    </tr>\n",
       "    <tr>\n",
       "      <th>504</th>\n",
       "      <td>0.10959</td>\n",
       "      <td>0.573</td>\n",
       "      <td>6.794</td>\n",
       "      <td>89.3</td>\n",
       "      <td>273</td>\n",
       "    </tr>\n",
       "    <tr>\n",
       "      <th>505</th>\n",
       "      <td>0.04741</td>\n",
       "      <td>0.573</td>\n",
       "      <td>6.030</td>\n",
       "      <td>80.8</td>\n",
       "      <td>273</td>\n",
       "    </tr>\n",
       "  </tbody>\n",
       "</table>\n",
       "<p>506 rows × 5 columns</p>\n",
       "</div>"
      ],
      "text/plain": [
       "        CRIM    NOX     RM   AGE  TAX\n",
       "0    0.00632  0.538  6.575  65.2  296\n",
       "1    0.02731  0.469  6.421  78.9  242\n",
       "2    0.02729  0.469  7.185  61.1  242\n",
       "3    0.03237  0.458  6.998  45.8  222\n",
       "4    0.06905  0.458  7.147  54.2  222\n",
       "..       ...    ...    ...   ...  ...\n",
       "501  0.06263  0.573  6.593  69.1  273\n",
       "502  0.04527  0.573  6.120  76.7  273\n",
       "503  0.06076  0.573  6.976  91.0  273\n",
       "504  0.10959  0.573  6.794  89.3  273\n",
       "505  0.04741  0.573  6.030  80.8  273\n",
       "\n",
       "[506 rows x 5 columns]"
      ]
     },
     "execution_count": 21,
     "metadata": {},
     "output_type": "execute_result"
    }
   ],
   "source": [
    "X"
   ]
  },
  {
   "cell_type": "code",
   "execution_count": 22,
   "metadata": {},
   "outputs": [
    {
     "data": {
      "text/html": [
       "<div>\n",
       "<style scoped>\n",
       "    .dataframe tbody tr th:only-of-type {\n",
       "        vertical-align: middle;\n",
       "    }\n",
       "\n",
       "    .dataframe tbody tr th {\n",
       "        vertical-align: top;\n",
       "    }\n",
       "\n",
       "    .dataframe thead th {\n",
       "        text-align: right;\n",
       "    }\n",
       "</style>\n",
       "<table border=\"1\" class=\"dataframe\">\n",
       "  <thead>\n",
       "    <tr style=\"text-align: right;\">\n",
       "      <th></th>\n",
       "      <th>0</th>\n",
       "      <th>1</th>\n",
       "      <th>2</th>\n",
       "      <th>3</th>\n",
       "      <th>4</th>\n",
       "      <th>5</th>\n",
       "      <th>6</th>\n",
       "      <th>7</th>\n",
       "      <th>8</th>\n",
       "      <th>9</th>\n",
       "      <th>...</th>\n",
       "      <th>496</th>\n",
       "      <th>497</th>\n",
       "      <th>498</th>\n",
       "      <th>499</th>\n",
       "      <th>500</th>\n",
       "      <th>501</th>\n",
       "      <th>502</th>\n",
       "      <th>503</th>\n",
       "      <th>504</th>\n",
       "      <th>505</th>\n",
       "    </tr>\n",
       "  </thead>\n",
       "  <tbody>\n",
       "    <tr>\n",
       "      <th>CRIM</th>\n",
       "      <td>0.00632</td>\n",
       "      <td>0.02731</td>\n",
       "      <td>0.02729</td>\n",
       "      <td>0.03237</td>\n",
       "      <td>0.06905</td>\n",
       "      <td>0.02985</td>\n",
       "      <td>0.08829</td>\n",
       "      <td>0.14455</td>\n",
       "      <td>0.21124</td>\n",
       "      <td>0.17004</td>\n",
       "      <td>...</td>\n",
       "      <td>0.2896</td>\n",
       "      <td>0.26838</td>\n",
       "      <td>0.23912</td>\n",
       "      <td>0.17783</td>\n",
       "      <td>0.22438</td>\n",
       "      <td>0.06263</td>\n",
       "      <td>0.04527</td>\n",
       "      <td>0.06076</td>\n",
       "      <td>0.10959</td>\n",
       "      <td>0.04741</td>\n",
       "    </tr>\n",
       "    <tr>\n",
       "      <th>NOX</th>\n",
       "      <td>0.53800</td>\n",
       "      <td>0.46900</td>\n",
       "      <td>0.46900</td>\n",
       "      <td>0.45800</td>\n",
       "      <td>0.45800</td>\n",
       "      <td>0.45800</td>\n",
       "      <td>0.52400</td>\n",
       "      <td>0.52400</td>\n",
       "      <td>0.52400</td>\n",
       "      <td>0.52400</td>\n",
       "      <td>...</td>\n",
       "      <td>0.5850</td>\n",
       "      <td>0.58500</td>\n",
       "      <td>0.58500</td>\n",
       "      <td>0.58500</td>\n",
       "      <td>0.58500</td>\n",
       "      <td>0.57300</td>\n",
       "      <td>0.57300</td>\n",
       "      <td>0.57300</td>\n",
       "      <td>0.57300</td>\n",
       "      <td>0.57300</td>\n",
       "    </tr>\n",
       "    <tr>\n",
       "      <th>RM</th>\n",
       "      <td>6.57500</td>\n",
       "      <td>6.42100</td>\n",
       "      <td>7.18500</td>\n",
       "      <td>6.99800</td>\n",
       "      <td>7.14700</td>\n",
       "      <td>6.43000</td>\n",
       "      <td>6.01200</td>\n",
       "      <td>6.17200</td>\n",
       "      <td>5.63100</td>\n",
       "      <td>6.00400</td>\n",
       "      <td>...</td>\n",
       "      <td>5.3900</td>\n",
       "      <td>5.79400</td>\n",
       "      <td>6.01900</td>\n",
       "      <td>5.56900</td>\n",
       "      <td>6.02700</td>\n",
       "      <td>6.59300</td>\n",
       "      <td>6.12000</td>\n",
       "      <td>6.97600</td>\n",
       "      <td>6.79400</td>\n",
       "      <td>6.03000</td>\n",
       "    </tr>\n",
       "    <tr>\n",
       "      <th>AGE</th>\n",
       "      <td>65.20000</td>\n",
       "      <td>78.90000</td>\n",
       "      <td>61.10000</td>\n",
       "      <td>45.80000</td>\n",
       "      <td>54.20000</td>\n",
       "      <td>58.70000</td>\n",
       "      <td>66.60000</td>\n",
       "      <td>96.10000</td>\n",
       "      <td>100.00000</td>\n",
       "      <td>85.90000</td>\n",
       "      <td>...</td>\n",
       "      <td>72.9000</td>\n",
       "      <td>70.60000</td>\n",
       "      <td>65.30000</td>\n",
       "      <td>73.50000</td>\n",
       "      <td>79.70000</td>\n",
       "      <td>69.10000</td>\n",
       "      <td>76.70000</td>\n",
       "      <td>91.00000</td>\n",
       "      <td>89.30000</td>\n",
       "      <td>80.80000</td>\n",
       "    </tr>\n",
       "    <tr>\n",
       "      <th>TAX</th>\n",
       "      <td>296.00000</td>\n",
       "      <td>242.00000</td>\n",
       "      <td>242.00000</td>\n",
       "      <td>222.00000</td>\n",
       "      <td>222.00000</td>\n",
       "      <td>222.00000</td>\n",
       "      <td>311.00000</td>\n",
       "      <td>311.00000</td>\n",
       "      <td>311.00000</td>\n",
       "      <td>311.00000</td>\n",
       "      <td>...</td>\n",
       "      <td>391.0000</td>\n",
       "      <td>391.00000</td>\n",
       "      <td>391.00000</td>\n",
       "      <td>391.00000</td>\n",
       "      <td>391.00000</td>\n",
       "      <td>273.00000</td>\n",
       "      <td>273.00000</td>\n",
       "      <td>273.00000</td>\n",
       "      <td>273.00000</td>\n",
       "      <td>273.00000</td>\n",
       "    </tr>\n",
       "  </tbody>\n",
       "</table>\n",
       "<p>5 rows × 506 columns</p>\n",
       "</div>"
      ],
      "text/plain": [
       "            0          1          2          3          4          5    \\\n",
       "CRIM    0.00632    0.02731    0.02729    0.03237    0.06905    0.02985   \n",
       "NOX     0.53800    0.46900    0.46900    0.45800    0.45800    0.45800   \n",
       "RM      6.57500    6.42100    7.18500    6.99800    7.14700    6.43000   \n",
       "AGE    65.20000   78.90000   61.10000   45.80000   54.20000   58.70000   \n",
       "TAX   296.00000  242.00000  242.00000  222.00000  222.00000  222.00000   \n",
       "\n",
       "            6          7          8          9    ...       496        497  \\\n",
       "CRIM    0.08829    0.14455    0.21124    0.17004  ...    0.2896    0.26838   \n",
       "NOX     0.52400    0.52400    0.52400    0.52400  ...    0.5850    0.58500   \n",
       "RM      6.01200    6.17200    5.63100    6.00400  ...    5.3900    5.79400   \n",
       "AGE    66.60000   96.10000  100.00000   85.90000  ...   72.9000   70.60000   \n",
       "TAX   311.00000  311.00000  311.00000  311.00000  ...  391.0000  391.00000   \n",
       "\n",
       "            498        499        500        501        502        503  \\\n",
       "CRIM    0.23912    0.17783    0.22438    0.06263    0.04527    0.06076   \n",
       "NOX     0.58500    0.58500    0.58500    0.57300    0.57300    0.57300   \n",
       "RM      6.01900    5.56900    6.02700    6.59300    6.12000    6.97600   \n",
       "AGE    65.30000   73.50000   79.70000   69.10000   76.70000   91.00000   \n",
       "TAX   391.00000  391.00000  391.00000  273.00000  273.00000  273.00000   \n",
       "\n",
       "            504        505  \n",
       "CRIM    0.10959    0.04741  \n",
       "NOX     0.57300    0.57300  \n",
       "RM      6.79400    6.03000  \n",
       "AGE    89.30000   80.80000  \n",
       "TAX   273.00000  273.00000  \n",
       "\n",
       "[5 rows x 506 columns]"
      ]
     },
     "execution_count": 22,
     "metadata": {},
     "output_type": "execute_result"
    }
   ],
   "source": [
    "X.T"
   ]
  },
  {
   "cell_type": "code",
   "execution_count": 23,
   "metadata": {},
   "outputs": [
    {
     "data": {
      "text/html": [
       "<div>\n",
       "<style scoped>\n",
       "    .dataframe tbody tr th:only-of-type {\n",
       "        vertical-align: middle;\n",
       "    }\n",
       "\n",
       "    .dataframe tbody tr th {\n",
       "        vertical-align: top;\n",
       "    }\n",
       "\n",
       "    .dataframe thead th {\n",
       "        text-align: right;\n",
       "    }\n",
       "</style>\n",
       "<table border=\"1\" class=\"dataframe\">\n",
       "  <thead>\n",
       "    <tr style=\"text-align: right;\">\n",
       "      <th></th>\n",
       "      <th>CRIM</th>\n",
       "      <th>NOX</th>\n",
       "      <th>RM</th>\n",
       "      <th>AGE</th>\n",
       "      <th>TAX</th>\n",
       "    </tr>\n",
       "  </thead>\n",
       "  <tbody>\n",
       "    <tr>\n",
       "      <th>CRIM</th>\n",
       "      <td>4.397034e+04</td>\n",
       "      <td>1226.123170</td>\n",
       "      <td>1.082195e+04</td>\n",
       "      <td>1.685150e+05</td>\n",
       "      <td>1.173073e+06</td>\n",
       "    </tr>\n",
       "    <tr>\n",
       "      <th>NOX</th>\n",
       "      <td>1.226123e+03</td>\n",
       "      <td>162.470380</td>\n",
       "      <td>1.751519e+03</td>\n",
       "      <td>2.045220e+04</td>\n",
       "      <td>1.211706e+05</td>\n",
       "    </tr>\n",
       "    <tr>\n",
       "      <th>RM</th>\n",
       "      <td>1.082195e+04</td>\n",
       "      <td>1751.519414</td>\n",
       "      <td>2.023460e+04</td>\n",
       "      <td>2.156702e+05</td>\n",
       "      <td>1.280740e+06</td>\n",
       "    </tr>\n",
       "    <tr>\n",
       "      <th>AGE</th>\n",
       "      <td>1.685150e+05</td>\n",
       "      <td>20452.201630</td>\n",
       "      <td>2.156702e+05</td>\n",
       "      <td>2.779615e+06</td>\n",
       "      <td>1.537874e+07</td>\n",
       "    </tr>\n",
       "    <tr>\n",
       "      <th>TAX</th>\n",
       "      <td>1.173073e+06</td>\n",
       "      <td>121170.623200</td>\n",
       "      <td>1.280740e+06</td>\n",
       "      <td>1.537874e+07</td>\n",
       "      <td>9.867314e+07</td>\n",
       "    </tr>\n",
       "  </tbody>\n",
       "</table>\n",
       "</div>"
      ],
      "text/plain": [
       "              CRIM            NOX            RM           AGE           TAX\n",
       "CRIM  4.397034e+04    1226.123170  1.082195e+04  1.685150e+05  1.173073e+06\n",
       "NOX   1.226123e+03     162.470380  1.751519e+03  2.045220e+04  1.211706e+05\n",
       "RM    1.082195e+04    1751.519414  2.023460e+04  2.156702e+05  1.280740e+06\n",
       "AGE   1.685150e+05   20452.201630  2.156702e+05  2.779615e+06  1.537874e+07\n",
       "TAX   1.173073e+06  121170.623200  1.280740e+06  1.537874e+07  9.867314e+07"
      ]
     },
     "execution_count": 23,
     "metadata": {},
     "output_type": "execute_result"
    }
   ],
   "source": [
    "X.T@X"
   ]
  },
  {
   "cell_type": "code",
   "execution_count": 5,
   "metadata": {},
   "outputs": [
    {
     "data": {
      "text/plain": [
       "array([[ 7.39865782e+01,  4.19593894e-01, -1.32503785e+00,\n",
       "         8.54053223e+01,  8.44821538e+02],\n",
       "       [ 4.19593894e-01,  1.34276357e-02, -2.46034495e-02,\n",
       "         2.38592720e+00,  1.30462855e+01],\n",
       "       [-1.32503785e+00, -2.46034495e-02,  4.93670850e-01,\n",
       "        -4.75192919e+00, -3.45834478e+01],\n",
       "       [ 8.54053223e+01,  2.38592720e+00, -4.75192919e+00,\n",
       "         7.92358399e+02,  2.40269012e+03],\n",
       "       [ 8.44821538e+02,  1.30462855e+01, -3.45834478e+01,\n",
       "         2.40269012e+03,  2.84047595e+04]])"
      ]
     },
     "execution_count": 5,
     "metadata": {},
     "output_type": "execute_result"
    }
   ],
   "source": [
    "cov_X = np.cov(X.T)\n",
    "cov_X"
   ]
  },
  {
   "cell_type": "code",
   "execution_count": 6,
   "metadata": {},
   "outputs": [
    {
     "data": {
      "text/html": [
       "<div>\n",
       "<style scoped>\n",
       "    .dataframe tbody tr th:only-of-type {\n",
       "        vertical-align: middle;\n",
       "    }\n",
       "\n",
       "    .dataframe tbody tr th {\n",
       "        vertical-align: top;\n",
       "    }\n",
       "\n",
       "    .dataframe thead th {\n",
       "        text-align: right;\n",
       "    }\n",
       "</style>\n",
       "<table border=\"1\" class=\"dataframe\">\n",
       "  <thead>\n",
       "    <tr style=\"text-align: right;\">\n",
       "      <th></th>\n",
       "      <th>CRIM</th>\n",
       "      <th>NOX</th>\n",
       "      <th>RM</th>\n",
       "      <th>AGE</th>\n",
       "      <th>TAX</th>\n",
       "    </tr>\n",
       "  </thead>\n",
       "  <tbody>\n",
       "    <tr>\n",
       "      <th>CRIM</th>\n",
       "      <td>73.986578</td>\n",
       "      <td>0.419594</td>\n",
       "      <td>-1.325038</td>\n",
       "      <td>85.405322</td>\n",
       "      <td>844.821538</td>\n",
       "    </tr>\n",
       "    <tr>\n",
       "      <th>NOX</th>\n",
       "      <td>0.419594</td>\n",
       "      <td>0.013428</td>\n",
       "      <td>-0.024603</td>\n",
       "      <td>2.385927</td>\n",
       "      <td>13.046286</td>\n",
       "    </tr>\n",
       "    <tr>\n",
       "      <th>RM</th>\n",
       "      <td>-1.325038</td>\n",
       "      <td>-0.024603</td>\n",
       "      <td>0.493671</td>\n",
       "      <td>-4.751929</td>\n",
       "      <td>-34.583448</td>\n",
       "    </tr>\n",
       "    <tr>\n",
       "      <th>AGE</th>\n",
       "      <td>85.405322</td>\n",
       "      <td>2.385927</td>\n",
       "      <td>-4.751929</td>\n",
       "      <td>792.358399</td>\n",
       "      <td>2402.690122</td>\n",
       "    </tr>\n",
       "    <tr>\n",
       "      <th>TAX</th>\n",
       "      <td>844.821538</td>\n",
       "      <td>13.046286</td>\n",
       "      <td>-34.583448</td>\n",
       "      <td>2402.690122</td>\n",
       "      <td>28404.759488</td>\n",
       "    </tr>\n",
       "  </tbody>\n",
       "</table>\n",
       "</div>"
      ],
      "text/plain": [
       "            CRIM        NOX         RM          AGE           TAX\n",
       "CRIM   73.986578   0.419594  -1.325038    85.405322    844.821538\n",
       "NOX     0.419594   0.013428  -0.024603     2.385927     13.046286\n",
       "RM     -1.325038  -0.024603   0.493671    -4.751929    -34.583448\n",
       "AGE    85.405322   2.385927  -4.751929   792.358399   2402.690122\n",
       "TAX   844.821538  13.046286 -34.583448  2402.690122  28404.759488"
      ]
     },
     "execution_count": 6,
     "metadata": {},
     "output_type": "execute_result"
    }
   ],
   "source": [
    "cov_X = X.cov()\n",
    "cov_X"
   ]
  },
  {
   "cell_type": "code",
   "execution_count": 7,
   "metadata": {},
   "outputs": [
    {
     "data": {
      "text/plain": [
       "array([[ 1.        ,  0.42097171, -0.2192467 ,  0.35273425,  0.58276431],\n",
       "       [ 0.42097171,  1.        , -0.30218819,  0.7314701 ,  0.6680232 ],\n",
       "       [-0.2192467 , -0.30218819,  1.        , -0.24026493, -0.29204783],\n",
       "       [ 0.35273425,  0.7314701 , -0.24026493,  1.        ,  0.50645559],\n",
       "       [ 0.58276431,  0.6680232 , -0.29204783,  0.50645559,  1.        ]])"
      ]
     },
     "execution_count": 7,
     "metadata": {},
     "output_type": "execute_result"
    }
   ],
   "source": [
    "corr_x = np.corrcoef(X.T)\n",
    "corr_x"
   ]
  },
  {
   "cell_type": "code",
   "execution_count": 8,
   "metadata": {},
   "outputs": [
    {
     "data": {
      "text/html": [
       "<div>\n",
       "<style scoped>\n",
       "    .dataframe tbody tr th:only-of-type {\n",
       "        vertical-align: middle;\n",
       "    }\n",
       "\n",
       "    .dataframe tbody tr th {\n",
       "        vertical-align: top;\n",
       "    }\n",
       "\n",
       "    .dataframe thead th {\n",
       "        text-align: right;\n",
       "    }\n",
       "</style>\n",
       "<table border=\"1\" class=\"dataframe\">\n",
       "  <thead>\n",
       "    <tr style=\"text-align: right;\">\n",
       "      <th></th>\n",
       "      <th>CRIM</th>\n",
       "      <th>NOX</th>\n",
       "      <th>RM</th>\n",
       "      <th>AGE</th>\n",
       "      <th>TAX</th>\n",
       "    </tr>\n",
       "  </thead>\n",
       "  <tbody>\n",
       "    <tr>\n",
       "      <th>CRIM</th>\n",
       "      <td>1.000000</td>\n",
       "      <td>0.420972</td>\n",
       "      <td>-0.219247</td>\n",
       "      <td>0.352734</td>\n",
       "      <td>0.582764</td>\n",
       "    </tr>\n",
       "    <tr>\n",
       "      <th>NOX</th>\n",
       "      <td>0.420972</td>\n",
       "      <td>1.000000</td>\n",
       "      <td>-0.302188</td>\n",
       "      <td>0.731470</td>\n",
       "      <td>0.668023</td>\n",
       "    </tr>\n",
       "    <tr>\n",
       "      <th>RM</th>\n",
       "      <td>-0.219247</td>\n",
       "      <td>-0.302188</td>\n",
       "      <td>1.000000</td>\n",
       "      <td>-0.240265</td>\n",
       "      <td>-0.292048</td>\n",
       "    </tr>\n",
       "    <tr>\n",
       "      <th>AGE</th>\n",
       "      <td>0.352734</td>\n",
       "      <td>0.731470</td>\n",
       "      <td>-0.240265</td>\n",
       "      <td>1.000000</td>\n",
       "      <td>0.506456</td>\n",
       "    </tr>\n",
       "    <tr>\n",
       "      <th>TAX</th>\n",
       "      <td>0.582764</td>\n",
       "      <td>0.668023</td>\n",
       "      <td>-0.292048</td>\n",
       "      <td>0.506456</td>\n",
       "      <td>1.000000</td>\n",
       "    </tr>\n",
       "  </tbody>\n",
       "</table>\n",
       "</div>"
      ],
      "text/plain": [
       "          CRIM       NOX        RM       AGE       TAX\n",
       "CRIM  1.000000  0.420972 -0.219247  0.352734  0.582764\n",
       "NOX   0.420972  1.000000 -0.302188  0.731470  0.668023\n",
       "RM   -0.219247 -0.302188  1.000000 -0.240265 -0.292048\n",
       "AGE   0.352734  0.731470 -0.240265  1.000000  0.506456\n",
       "TAX   0.582764  0.668023 -0.292048  0.506456  1.000000"
      ]
     },
     "execution_count": 8,
     "metadata": {},
     "output_type": "execute_result"
    }
   ],
   "source": [
    "corr_x = X.corr()\n",
    "corr_x"
   ]
  },
  {
   "cell_type": "code",
   "execution_count": 15,
   "metadata": {},
   "outputs": [
    {
     "data": {
      "text/plain": [
       "<Axes: >"
      ]
     },
     "execution_count": 15,
     "metadata": {},
     "output_type": "execute_result"
    },
    {
     "data": {
