{
 "cells": [
  {
   "cell_type": "code",
   "execution_count": 1,
   "metadata": {},
   "outputs": [
    {
     "data": {
      "text/html": [
       "<div>\n",
       "<style scoped>\n",
       "    .dataframe tbody tr th:only-of-type {\n",
       "        vertical-align: middle;\n",
       "    }\n",
       "\n",
       "    .dataframe tbody tr th {\n",
       "        vertical-align: top;\n",
       "    }\n",
       "\n",
       "    .dataframe thead th {\n",
       "        text-align: right;\n",
       "    }\n",
       "</style>\n",
       "<table border=\"1\" class=\"dataframe\">\n",
       "  <thead>\n",
       "    <tr style=\"text-align: right;\">\n",
       "      <th></th>\n",
       "      <th>CRIM</th>\n",
       "      <th>ZN</th>\n",
       "      <th>INDUS</th>\n",
       "      <th>CHAS</th>\n",
       "      <th>NOX</th>\n",
       "      <th>RM</th>\n",
       "      <th>AGE</th>\n",
       "      <th>DIS</th>\n",
       "      <th>RAD</th>\n",
       "      <th>TAX</th>\n",
       "      <th>PTRATIO</th>\n",
       "      <th>B</th>\n",
       "      <th>LSTAT</th>\n",
       "      <th>MEDV</th>\n",
       "    </tr>\n",
       "  </thead>\n",
       "  <tbody>\n",
       "    <tr>\n",
       "      <th>0</th>\n",
       "      <td>0.00632</td>\n",
       "      <td>18.0</td>\n",
       "      <td>2.31</td>\n",
       "      <td>0</td>\n",
       "      <td>0.538</td>\n",
       "      <td>6.575</td>\n",
       "      <td>65.2</td>\n",
       "      <td>4.0900</td>\n",
       "      <td>1</td>\n",
       "      <td>296</td>\n",
       "      <td>15.3</td>\n",
       "      <td>396.90</td>\n",
       "      <td>4.98</td>\n",
       "      <td>24.0</td>\n",
       "    </tr>\n",
       "    <tr>\n",
       "      <th>1</th>\n",
       "      <td>0.02731</td>\n",
       "      <td>0.0</td>\n",
       "      <td>7.07</td>\n",
       "      <td>0</td>\n",
       "      <td>0.469</td>\n",
       "      <td>6.421</td>\n",
       "      <td>78.9</td>\n",
       "      <td>4.9671</td>\n",
       "      <td>2</td>\n",
       "      <td>242</td>\n",
       "      <td>17.8</td>\n",
       "      <td>396.90</td>\n",
       "      <td>9.14</td>\n",
       "      <td>21.6</td>\n",
       "    </tr>\n",
       "    <tr>\n",
       "      <th>2</th>\n",
       "      <td>0.02729</td>\n",
       "      <td>0.0</td>\n",
       "      <td>7.07</td>\n",
       "      <td>0</td>\n",
       "      <td>0.469</td>\n",
       "      <td>7.185</td>\n",
       "      <td>61.1</td>\n",
       "      <td>4.9671</td>\n",
       "      <td>2</td>\n",
       "      <td>242</td>\n",
       "      <td>17.8</td>\n",
       "      <td>392.83</td>\n",
       "      <td>4.03</td>\n",
       "      <td>34.7</td>\n",
       "    </tr>\n",
       "    <tr>\n",
       "      <th>3</th>\n",
       "      <td>0.03237</td>\n",
       "      <td>0.0</td>\n",
       "      <td>2.18</td>\n",
       "      <td>0</td>\n",
       "      <td>0.458</td>\n",
       "      <td>6.998</td>\n",
       "      <td>45.8</td>\n",
       "      <td>6.0622</td>\n",
       "      <td>3</td>\n",
       "      <td>222</td>\n",
       "      <td>18.7</td>\n",
       "      <td>394.63</td>\n",
       "      <td>2.94</td>\n",
       "      <td>33.4</td>\n",
       "    </tr>\n",
       "    <tr>\n",
       "      <th>4</th>\n",
       "      <td>0.06905</td>\n",
       "      <td>0.0</td>\n",
       "      <td>2.18</td>\n",
       "      <td>0</td>\n",
       "      <td>0.458</td>\n",
       "      <td>7.147</td>\n",
       "      <td>54.2</td>\n",
       "      <td>6.0622</td>\n",
       "      <td>3</td>\n",
       "      <td>222</td>\n",
       "      <td>18.7</td>\n",
       "      <td>396.90</td>\n",
       "      <td>5.33</td>\n",
       "      <td>36.2</td>\n",
       "    </tr>\n",
       "    <tr>\n",
       "      <th>...</th>\n",
       "      <td>...</td>\n",
       "      <td>...</td>\n",
       "      <td>...</td>\n",
       "      <td>...</td>\n",
       "      <td>...</td>\n",
       "      <td>...</td>\n",
       "      <td>...</td>\n",
       "      <td>...</td>\n",
       "      <td>...</td>\n",
       "      <td>...</td>\n",
       "      <td>...</td>\n",
       "      <td>...</td>\n",
       "      <td>...</td>\n",
       "      <td>...</td>\n",
       "    </tr>\n",
       "    <tr>\n",
       "      <th>501</th>\n",
       "      <td>0.06263</td>\n",
       "      <td>0.0</td>\n",
       "      <td>11.93</td>\n",
       "      <td>0</td>\n",
       "      <td>0.573</td>\n",
       "      <td>6.593</td>\n",
       "      <td>69.1</td>\n",
       "      <td>2.4786</td>\n",
       "      <td>1</td>\n",
       "      <td>273</td>\n",
       "      <td>21.0</td>\n",
       "      <td>391.99</td>\n",
       "      <td>9.67</td>\n",
       "      <td>22.4</td>\n",
       "    </tr>\n",
       "    <tr>\n",
       "      <th>502</th>\n",
       "      <td>0.04527</td>\n",
       "      <td>0.0</td>\n",
       "      <td>11.93</td>\n",
       "      <td>0</td>\n",
       "      <td>0.573</td>\n",
       "      <td>6.120</td>\n",
       "      <td>76.7</td>\n",
       "      <td>2.2875</td>\n",
       "      <td>1</td>\n",
       "      <td>273</td>\n",
       "      <td>21.0</td>\n",
       "      <td>396.90</td>\n",
       "      <td>9.08</td>\n",
       "      <td>20.6</td>\n",
       "    </tr>\n",
       "    <tr>\n",
       "      <th>503</th>\n",
       "      <td>0.06076</td>\n",
       "      <td>0.0</td>\n",
       "      <td>11.93</td>\n",
       "      <td>0</td>\n",
       "      <td>0.573</td>\n",
       "      <td>6.976</td>\n",
       "      <td>91.0</td>\n",
       "      <td>2.1675</td>\n",
       "      <td>1</td>\n",
       "      <td>273</td>\n",
       "      <td>21.0</td>\n",
       "      <td>396.90</td>\n",
       "      <td>5.64</td>\n",
       "      <td>23.9</td>\n",
       "    </tr>\n",
       "    <tr>\n",
       "      <th>504</th>\n",
       "      <td>0.10959</td>\n",
       "      <td>0.0</td>\n",
       "      <td>11.93</td>\n",
       "      <td>0</td>\n",
       "      <td>0.573</td>\n",
       "      <td>6.794</td>\n",
       "      <td>89.3</td>\n",
       "      <td>2.3889</td>\n",
       "      <td>1</td>\n",
       "      <td>273</td>\n",
       "      <td>21.0</td>\n",
       "      <td>393.45</td>\n",
       "      <td>6.48</td>\n",
       "      <td>22.0</td>\n",
       "    </tr>\n",
       "    <tr>\n",
       "      <th>505</th>\n",
       "      <td>0.04741</td>\n",
       "      <td>0.0</td>\n",
       "      <td>11.93</td>\n",
       "      <td>0</td>\n",
       "      <td>0.573</td>\n",
       "      <td>6.030</td>\n",
       "      <td>80.8</td>\n",
       "      <td>2.5050</td>\n",
       "      <td>1</td>\n",
       "      <td>273</td>\n",
       "      <td>21.0</td>\n",
       "      <td>396.90</td>\n",
       "      <td>7.88</td>\n",
       "      <td>11.9</td>\n",
       "    </tr>\n",
       "  </tbody>\n",
       "</table>\n",
       "<p>506 rows × 14 columns</p>\n",
       "</div>"
      ],
      "text/plain": [
       "        CRIM    ZN  INDUS  CHAS    NOX     RM   AGE     DIS  RAD  TAX  \\\n",
       "0    0.00632  18.0   2.31     0  0.538  6.575  65.2  4.0900    1  296   \n",
       "1    0.02731   0.0   7.07     0  0.469  6.421  78.9  4.9671    2  242   \n",
       "2    0.02729   0.0   7.07     0  0.469  7.185  61.1  4.9671    2  242   \n",
       "3    0.03237   0.0   2.18     0  0.458  6.998  45.8  6.0622    3  222   \n",
       "4    0.06905   0.0   2.18     0  0.458  7.147  54.2  6.0622    3  222   \n",
       "..       ...   ...    ...   ...    ...    ...   ...     ...  ...  ...   \n",
       "501  0.06263   0.0  11.93     0  0.573  6.593  69.1  2.4786    1  273   \n",
       "502  0.04527   0.0  11.93     0  0.573  6.120  76.7  2.2875    1  273   \n",
       "503  0.06076   0.0  11.93     0  0.573  6.976  91.0  2.1675    1  273   \n",
       "504  0.10959   0.0  11.93     0  0.573  6.794  89.3  2.3889    1  273   \n",
       "505  0.04741   0.0  11.93     0  0.573  6.030  80.8  2.5050    1  273   \n",
       "\n",
       "     PTRATIO       B  LSTAT  MEDV  \n",
       "0       15.3  396.90   4.98  24.0  \n",
       "1       17.8  396.90   9.14  21.6  \n",
       "2       17.8  392.83   4.03  34.7  \n",
       "3       18.7  394.63   2.94  33.4  \n",
       "4       18.7  396.90   5.33  36.2  \n",
       "..       ...     ...    ...   ...  \n",
       "501     21.0  391.99   9.67  22.4  \n",
       "502     21.0  396.90   9.08  20.6  \n",
       "503     21.0  396.90   5.64  23.9  \n",
       "504     21.0  393.45   6.48  22.0  \n",
       "505     21.0  396.90   7.88  11.9  \n",
       "\n",
       "[506 rows x 14 columns]"
      ]
     },
     "execution_count": 1,
     "metadata": {},
     "output_type": "execute_result"
    }
   ],
   "source": [
    "import numpy as np\n",
    "import pandas as pd\n",
    "\n",
    "df = pd.read_csv(\"./data/house_prices.csv\",encoding='cp949')\n",
    "df"
   ]
  },
  {
   "cell_type": "code",
   "execution_count": 2,
   "metadata": {},
   "outputs": [
    {
     "data": {
      "text/html": [
       "<div>\n",
       "<style scoped>\n",
       "    .dataframe tbody tr th:only-of-type {\n",
       "        vertical-align: middle;\n",
       "    }\n",
       "\n",
       "    .dataframe tbody tr th {\n",
       "        vertical-align: top;\n",
       "    }\n",
       "\n",
       "    .dataframe thead th {\n",
       "        text-align: right;\n",
       "    }\n",
       "</style>\n",
       "<table border=\"1\" class=\"dataframe\">\n",
       "  <thead>\n",
       "    <tr style=\"text-align: right;\">\n",
       "      <th></th>\n",
       "      <th>CRIM</th>\n",
       "      <th>ZN</th>\n",
       "      <th>INDUS</th>\n",
       "      <th>CHAS</th>\n",
       "      <th>NOX</th>\n",
       "      <th>RM</th>\n",
       "      <th>AGE</th>\n",
       "      <th>DIS</th>\n",
       "      <th>RAD</th>\n",
       "      <th>TAX</th>\n",
       "      <th>PTRATIO</th>\n",
       "      <th>B</th>\n",
       "      <th>LSTAT</th>\n",
       "      <th>MEDV</th>\n",
       "    </tr>\n",
       "  </thead>\n",
       "  <tbody>\n",
       "    <tr>\n",
       "      <th>2</th>\n",
       "      <td>0.02729</td>\n",
       "      <td>0.0</td>\n",
       "      <td>7.07</td>\n",
       "      <td>0</td>\n",
       "      <td>0.4690</td>\n",
       "      <td>7.185</td>\n",
       "      <td>61.1</td>\n",
       "      <td>4.9671</td>\n",
       "      <td>2</td>\n",
       "      <td>242</td>\n",
       "      <td>17.8</td>\n",
       "      <td>392.83</td>\n",
       "      <td>4.03</td>\n",
       "      <td>34.7</td>\n",
       "    </tr>\n",
       "    <tr>\n",
       "      <th>4</th>\n",
       "      <td>0.06905</td>\n",
       "      <td>0.0</td>\n",
       "      <td>2.18</td>\n",
       "      <td>0</td>\n",
       "      <td>0.4580</td>\n",
       "      <td>7.147</td>\n",
       "      <td>54.2</td>\n",
       "      <td>6.0622</td>\n",
       "      <td>3</td>\n",
       "      <td>222</td>\n",
       "      <td>18.7</td>\n",
       "      <td>396.90</td>\n",
       "      <td>5.33</td>\n",
       "      <td>36.2</td>\n",
       "    </tr>\n",
       "    <tr>\n",
       "      <th>40</th>\n",
       "      <td>0.03359</td>\n",
       "      <td>75.0</td>\n",
       "      <td>2.95</td>\n",
       "      <td>0</td>\n",
       "      <td>0.4280</td>\n",
       "      <td>7.024</td>\n",
       "      <td>15.8</td>\n",
       "      <td>5.4011</td>\n",
       "      <td>3</td>\n",
       "      <td>252</td>\n",
       "      <td>18.3</td>\n",
       "      <td>395.62</td>\n",
       "      <td>1.98</td>\n",
       "      <td>34.9</td>\n",
       "    </tr>\n",
       "    <tr>\n",
       "      <th>55</th>\n",
       "      <td>0.01311</td>\n",
       "      <td>90.0</td>\n",
       "      <td>1.22</td>\n",
       "      <td>0</td>\n",
       "      <td>0.4030</td>\n",
       "      <td>7.249</td>\n",
       "      <td>21.9</td>\n",
       "      <td>8.6966</td>\n",
       "      <td>5</td>\n",
       "      <td>226</td>\n",
       "      <td>17.9</td>\n",
       "      <td>395.93</td>\n",
       "      <td>4.81</td>\n",
       "      <td>35.4</td>\n",
       "    </tr>\n",
       "    <tr>\n",
       "      <th>64</th>\n",
       "      <td>0.01951</td>\n",
       "      <td>17.5</td>\n",
       "      <td>1.38</td>\n",
       "      <td>0</td>\n",
       "      <td>0.4161</td>\n",
       "      <td>7.104</td>\n",
       "      <td>59.5</td>\n",
       "      <td>9.2229</td>\n",
       "      <td>3</td>\n",
       "      <td>216</td>\n",
       "      <td>18.6</td>\n",
       "      <td>393.24</td>\n",
       "      <td>8.05</td>\n",
       "      <td>33.0</td>\n",
       "    </tr>\n",
       "    <tr>\n",
       "      <th>...</th>\n",
       "      <td>...</td>\n",
       "      <td>...</td>\n",
       "      <td>...</td>\n",
       "      <td>...</td>\n",
       "      <td>...</td>\n",
       "      <td>...</td>\n",
       "      <td>...</td>\n",
       "      <td>...</td>\n",
       "      <td>...</td>\n",
       "      <td>...</td>\n",
       "      <td>...</td>\n",
       "      <td>...</td>\n",
       "      <td>...</td>\n",
       "      <td>...</td>\n",
       "    </tr>\n",
       "    <tr>\n",
       "      <th>364</th>\n",
       "      <td>3.47428</td>\n",
       "      <td>0.0</td>\n",
       "      <td>18.10</td>\n",
       "      <td>1</td>\n",
       "      <td>0.7180</td>\n",
       "      <td>8.780</td>\n",
       "      <td>82.9</td>\n",
       "      <td>1.9047</td>\n",
       "      <td>24</td>\n",
       "      <td>666</td>\n",
       "      <td>20.2</td>\n",
       "      <td>354.55</td>\n",
       "      <td>5.29</td>\n",
       "      <td>21.9</td>\n",
       "    </tr>\n",
       "    <tr>\n",
       "      <th>370</th>\n",
       "      <td>6.53876</td>\n",
       "      <td>0.0</td>\n",
       "      <td>18.10</td>\n",
       "      <td>1</td>\n",
       "      <td>0.6310</td>\n",
       "      <td>7.016</td>\n",
       "      <td>97.5</td>\n",
       "      <td>1.2024</td>\n",
       "      <td>24</td>\n",
       "      <td>666</td>\n",
       "      <td>20.2</td>\n",
       "      <td>392.05</td>\n",
       "      <td>2.96</td>\n",
       "      <td>50.0</td>\n",
       "    </tr>\n",
       "    <tr>\n",
       "      <th>375</th>\n",
       "      <td>19.60910</td>\n",
       "      <td>0.0</td>\n",
       "      <td>18.10</td>\n",
       "      <td>0</td>\n",
       "      <td>0.6710</td>\n",
       "      <td>7.313</td>\n",
       "      <td>97.9</td>\n",
       "      <td>1.3163</td>\n",
       "      <td>24</td>\n",
       "      <td>666</td>\n",
       "      <td>20.2</td>\n",
       "      <td>396.90</td>\n",
       "      <td>13.44</td>\n",
       "      <td>15.0</td>\n",
       "    </tr>\n",
       "    <tr>\n",
       "      <th>453</th>\n",
       "      <td>8.24809</td>\n",
       "      <td>0.0</td>\n",
       "      <td>18.10</td>\n",
       "      <td>0</td>\n",
       "      <td>0.7130</td>\n",
       "      <td>7.393</td>\n",
       "      <td>99.3</td>\n",
       "      <td>2.4527</td>\n",
       "      <td>24</td>\n",
       "      <td>666</td>\n",
       "      <td>20.2</td>\n",
       "      <td>375.87</td>\n",
       "      <td>16.74</td>\n",
       "      <td>17.8</td>\n",
       "    </tr>\n",
       "    <tr>\n",
       "      <th>482</th>\n",
       "      <td>5.73116</td>\n",
       "      <td>0.0</td>\n",
       "      <td>18.10</td>\n",
       "      <td>0</td>\n",
       "      <td>0.5320</td>\n",
       "      <td>7.061</td>\n",
       "      <td>77.0</td>\n",
       "      <td>3.4106</td>\n",
       "      <td>24</td>\n",
       "      <td>666</td>\n",
       "      <td>20.2</td>\n",
       "      <td>395.28</td>\n",
       "      <td>7.01</td>\n",
       "      <td>25.0</td>\n",
       "    </tr>\n",
       "  </tbody>\n",
       "</table>\n",
       "<p>64 rows × 14 columns</p>\n",
       "</div>"
      ],
      "text/plain": [
       "         CRIM    ZN  INDUS  CHAS     NOX     RM   AGE     DIS  RAD  TAX  \\\n",
       "2     0.02729   0.0   7.07     0  0.4690  7.185  61.1  4.9671    2  242   \n",
       "4     0.06905   0.0   2.18     0  0.4580  7.147  54.2  6.0622    3  222   \n",
       "40    0.03359  75.0   2.95     0  0.4280  7.024  15.8  5.4011    3  252   \n",
       "55    0.01311  90.0   1.22     0  0.4030  7.249  21.9  8.6966    5  226   \n",
       "64    0.01951  17.5   1.38     0  0.4161  7.104  59.5  9.2229    3  216   \n",
       "..        ...   ...    ...   ...     ...    ...   ...     ...  ...  ...   \n",
       "364   3.47428   0.0  18.10     1  0.7180  8.780  82.9  1.9047   24  666   \n",
       "370   6.53876   0.0  18.10     1  0.6310  7.016  97.5  1.2024   24  666   \n",
       "375  19.60910   0.0  18.10     0  0.6710  7.313  97.9  1.3163   24  666   \n",
       "453   8.24809   0.0  18.10     0  0.7130  7.393  99.3  2.4527   24  666   \n",
       "482   5.73116   0.0  18.10     0  0.5320  7.061  77.0  3.4106   24  666   \n",
       "\n",
       "     PTRATIO       B  LSTAT  MEDV  \n",
       "2       17.8  392.83   4.03  34.7  \n",
       "4       18.7  396.90   5.33  36.2  \n",
       "40      18.3  395.62   1.98  34.9  \n",
       "55      17.9  395.93   4.81  35.4  \n",
       "64      18.6  393.24   8.05  33.0  \n",
       "..       ...     ...    ...   ...  \n",
       "364     20.2  354.55   5.29  21.9  \n",
       "370     20.2  392.05   2.96  50.0  \n",
       "375     20.2  396.90  13.44  15.0  \n",
       "453     20.2  375.87  16.74  17.8  \n",
       "482     20.2  395.28   7.01  25.0  \n",
       "\n",
       "[64 rows x 14 columns]"
      ]
     },
     "execution_count": 2,
     "metadata": {},
     "output_type": "execute_result"
    }
   ],
   "source": [
    "rm = df[df['RM'] > 7]\n",
    "rm"
   ]
  },
  {
   "cell_type": "code",
   "execution_count": 7,
   "metadata": {},
   "outputs": [
    {
     "name": "stdout",
     "output_type": "stream",
     "text": [
      "0.43103448275862066\n"
     ]
    }
   ],
   "source": [
    "ptratio = df[df[\"PTRATIO\"]<15] \n",
    "ptratio.head(10)\n",
    "\n",
    "ptratio_rm = df[(df[\"RM\"] > 7) & (df['PTRATIO']<15)]\n",
    "\n",
    "print(len(ptratio_rm)/len(ptratio))"
   ]
  },
  {
   "cell_type": "code",
   "execution_count": 10,
   "metadata": {},
   "outputs": [
    {
     "name": "stdout",
     "output_type": "stream",
     "text": [
      "6.284634387351779\n",
      "6.284634387351787\n"
     ]
    }
   ],
   "source": [
    "np.mean(df['RM'])\n",
    "print(df['RM'].mean())\n",
    "\n",
    "n = len(df)\n",
    "sum_x = 0\n",
    "for i in df['RM'] :\n",
    "    sum_x += i\n",
    "\n",
    "mean_rm = sum_x/n\n",
    "print(mean_rm)"
   ]
  },
  {
   "cell_type": "code",
   "execution_count": 19,
   "metadata": {},
   "outputs": [
    {
     "name": "stdout",
     "output_type": "stream",
     "text": [
      "0.49367085022110907\n",
      "0.49269521612976297\n",
      "0.7019225143345689\n",
      "0.7026171434153233\n",
      "0.49269521612976347\n",
      "0.7019225143345692\n"
     ]
    }
   ],
   "source": [
    "print(np.var(df['RM'],ddof=1))\n",
    "print(df['RM'].var(ddof=0))\n",
    "#numpy는 기본 ddof가 0이구나\n",
    "\n",
    "print(np.std(df['RM']))\n",
    "print(df['RM'].std())\n",
    "\n",
    "scale = 0\n",
    "for i in df['RM'] :\n",
    "    scale += (i - mean_rm)**2\n",
    "print(scale/n) ##분산\n",
    "print((scale/n)**0.5) ##표준편차\n"
   ]
  },
  {
   "cell_type": "code",
   "execution_count": 21,
   "metadata": {},
   "outputs": [
    {
     "data": {
      "text/plain": [
       "array([[ 7.39865782e+01,  4.19593894e-01, -1.32503785e+00,\n",
       "         8.54053223e+01,  8.44821538e+02],\n",
       "       [ 4.19593894e-01,  1.34276357e-02, -2.46034495e-02,\n",
       "         2.38592720e+00,  1.30462855e+01],\n",
       "       [-1.32503785e+00, -2.46034495e-02,  4.93670850e-01,\n",
       "        -4.75192919e+00, -3.45834478e+01],\n",
       "       [ 8.54053223e+01,  2.38592720e+00, -4.75192919e+00,\n",
       "         7.92358399e+02,  2.40269012e+03],\n",
       "       [ 8.44821538e+02,  1.30462855e+01, -3.45834478e+01,\n",
       "         2.40269012e+03,  2.84047595e+04]])"
      ]
     },
     "execution_count": 21,
     "metadata": {},
     "output_type": "execute_result"
    }
   ],
   "source": [
    "#공분산 만들기\n",
    "X = df[['CRIM','NOX','RM','AGE','TAX']]\n",
    "cov_x = np.cov(X,rowvar=0) #열(col)을 세는 옵션 rowvar\n",
    "cov_x"
   ]
  },
  {
   "cell_type": "code",
   "execution_count": 23,
   "metadata": {},
   "outputs": [
    {
     "name": "stdout",
     "output_type": "stream",
     "text": [
      "[[ 7.39865782e+01  4.19593894e-01 -1.32503785e+00  8.54053223e+01\n",
      "   8.44821538e+02]\n",
      " [ 4.19593894e-01  1.34276357e-02 -2.46034495e-02  2.38592720e+00\n",
      "   1.30462855e+01]\n",
      " [-1.32503785e+00 -2.46034495e-02  4.93670850e-01 -4.75192919e+00\n",
      "  -3.45834478e+01]\n",
      " [ 8.54053223e+01  2.38592720e+00 -4.75192919e+00  7.92358399e+02\n",
      "   2.40269012e+03]\n",
      " [ 8.44821538e+02  1.30462855e+01 -3.45834478e+01  2.40269012e+03\n",
      "   2.84047595e+04]]\n",
      "            CRIM        NOX         RM          AGE           TAX\n",
      "CRIM   73.986578   0.419594  -1.325038    85.405322    844.821538\n",
      "NOX     0.419594   0.013428  -0.024603     2.385927     13.046286\n",
      "RM     -1.325038  -0.024603   0.493671    -4.751929    -34.583448\n",
      "AGE    85.405322   2.385927  -4.751929   792.358399   2402.690122\n",
      "TAX   844.821538  13.046286 -34.583448  2402.690122  28404.759488\n"
     ]
    }
   ],
   "source": [
    "cov_x = np.cov(X.T) #.T < 전치행렬\n",
    "print(cov_x)\n",
    "\n",
    "cov_x = X.cov()\n",
    "print(cov_x)"
   ]
  },
  {
   "cell_type": "code",
   "execution_count": 25,
   "metadata": {},
   "outputs": [
    {
     "name": "stdout",
     "output_type": "stream",
     "text": [
      "[[ 1.          0.42097171 -0.2192467   0.35273425  0.58276431]\n",
      " [ 0.42097171  1.         -0.30218819  0.7314701   0.6680232 ]\n",
      " [-0.2192467  -0.30218819  1.         -0.24026493 -0.29204783]\n",
      " [ 0.35273425  0.7314701  -0.24026493  1.          0.50645559]\n",
      " [ 0.58276431  0.6680232  -0.29204783  0.50645559  1.        ]]\n"
     ]
    },
    {
     "data": {
      "text/plain": [
       "<Axes: >"
      ]
     },
     "execution_count": 25,
     "metadata": {},
     "output_type": "execute_result"
    },
    {
     "data": {
